18 120
7 17
4 9
3 13
5 10
8 9
0 5
9 17
0 14
2 11
1 15
6 11
7 10
3 6
3 15
5 12
9 10
0 7
11 16
0 16
1 17
15 16
6 13
7 12
14 17
3 17
5 14
9 12
0 9
1 10
16 17
7 14
12 13
3 10
5 7
9 14
10 15
13 14
1 12
7 16
12 15
5 9
4 11
9 16
1 5
13 16
1 14
2 13
7 9
3 5
3 14
4 13
8 13
1 7
1 16
2 15
7 11
6 15
3 7
14 16
5 13
8 15
10 12
1 9
0 11
2 17
6 8
3 9
5 6
4 8
4 17
1 2
0 4
8 17
10 14
1 11
11 13
2 10
0 13
6 10
12 14
3 11
4 10
8 10
1 4
0 6
2 3
10 16
0 15
2 12
11 15
6 12
3 4
4 12
1 6
9 11
0 8
11 17
2 14
0 17
15 17
6 14
4 14
0 1
5 15
10 11
9 13
0 10
2 16
6 7
6 16
7 15
4 7
4 16
5 8
0 3
5 17
11 12
2 9
13 15
7 8
