20 100
7 17
3 13
5 10
5 19
0 14
11 14
1 15
13 17
6 11
7 10
7 19
3 6
12 18
14 15
5 12
8 11
9 10
2 4
9 19
1 8
1 17
15 16
13 19
3 8
3 17
1 19
12 13
5 7
5 16
4 18
1 3
13 14
1 12
7 16
12 15
5 9
4 11
5 18
10 17
13 16
7 9
3 5
3 14
1 7
2 6
1 16
0 18
13 18
6 15
3 7
4 6
3 16
5 13
14 16
8 15
0 11
6 17
14 18
3 18
1 2
0 4
10 14
1 11
11 13
2 10
0 13
2 19
12 14
4 10
4 19
0 6
10 16
1 13
0 15
2 12
4 12
8 12
1 6
0 8
0 17
2 14
4 5
5 15
8 14
10 11
0 10
11 19
2 16
6 7
16 18
7 15
5 8
0 3
5 17
8 16
17 19
9 15
2 9
2 18
13 15
