20 120
7 17
4 9
3 13
5 10
8 9
0 5
5 19
8 18
9 17
2 11
1 15
13 17
6 11
18 19
3 6
12 18
3 15
14 15
9 10
2 4
9 19
11 16
13 19
1 17
7 12
3 17
5 14
14 17
9 12
0 9
1 19
15 18
16 17
7 14
5 7
0 2
5 16
4 18
1 3
10 15
1 12
16 19
7 16
3 12
5 9
9 16
10 17
1 14
2 13
7 9
3 5
12 17
3 14
4 13
8 13
13 18
11 18
0 18
2 15
1 16
6 15
3 7
4 6
3 16
14 16
5 13
8 15
10 12
1 9
0 11
2 8
2 17
6 17
3 9
5 6
3 18
14 18
1 2
10 14
0 13
2 10
11 13
2 19
6 10
7 18
12 14
3 11
8 10
0 6
10 16
11 15
6 12
3 4
12 16
4 12
8 12
1 6
0 8
9 11
2 5
10 18
11 17
7 13
4 5
8 14
9 13
0 10
11 19
2 16
6 7
16 18
0 3
17 19
8 16
5 17
9 15
10 13
2 9
0 12
13 15
